109.81635284423828 -27.130535125732422 0.6 20.0
109.56280517578125 -29.382476806640625 0.0 20.197533023503087
109.19536590576172 -31.6186580657959 0.0 20.394757622638558
108.71495819091797 -33.83332061767578 0.0 20.591365854606828
108.12284088134766 -36.02077102661133 0.0 20.78705073899248
107.4205322265625 -38.17536926269531 0.0 20.981506737077744
106.6098403930664 -40.29156494140625 0.0 21.174430228904917
105.6928482055664 -42.36391830444336 0.0 21.365519987342918
104.67192077636719 -44.387088775634766 0.0 21.554477648417656
103.5496826171875 -46.355873107910156 0.0 21.741008177171995
102.32901763916016 -48.265201568603516 0.0 21.924820328327783
101.01309204101562 -50.11015319824219 0.0 22.105627101030816
99.60527038574219 -51.88597869873047 0.0 22.283146186968565
98.10918426513672 -53.58811569213867 0.0 22.457100411161125
96.5286865234375 -55.21216583251953 0.0 22.62721816473703
94.86785125732422 -56.753963470458984 0.0 22.793233829018263
93.13094329833984 -58.20953369140625 0.0 22.95488819025229
91.32244110107422 -59.57512283325195 0.0 23.11192884434358
89.44699096679688 -60.84722137451172 0.0 23.26411059095261
87.50944519042969 -62.022552490234375 0.0 23.41119581634711
85.51476287841797 -63.09809875488281 0.0 23.5529548644077
83.46810150146484 -64.07107543945312 0.0 23.689166395208638
81.37471008300781 -64.9389877319336 0.0 23.819617730613864
79.24000549316406 -65.69960021972656 0.0 23.944105186348644
77.0694580078125 -66.3509521484375 0.0 24.062434390028407
74.86866760253906 -66.89136505126953 0.0 24.17442058464812
72.64330291748047 -67.3194580078125 0.0 24.27988891705845
70.39908599853516 -67.63411712646484 0.0 24.378674710978185
68.14179229736328 -67.83453369140625 0.0 24.47062372411669
65.87725067138672 -67.92019653320312 0.0 24.555592389004964
63.809814453125 -67.92304229736328 0.0 24.633448037159166
61.809814453125 -67.92222595214844 0.0 24.704069106226726
59.809814453125 -67.9214096069336 0.0 24.76734532979152
57.809814453125 -67.92058563232422 0.0 24.823177909541794
55.809814453125 -67.91976928710938 0.0 24.87147966953199
53.809814453125 -67.91895294189453 0.0 24.912175192297646
51.809814453125 -67.91813659667969 0.0 24.94520093661082
49.809814453125 -67.91732025146484 0.0 24.970505336692153
47.809814453125 -67.91650390625 0.0 24.988048882724733
45.809814453125 -67.91568756103516 0.0 24.997804182543973
43.809814453125 -67.91487121582031 0.0 24.999756004407228
41.809814453125 -67.91405487060547 0.0 24.993901300776358
39.809814453125 -67.91323852539062 0.0 24.980249213076085
37.809814453125 -67.91241455078125 0.0 24.958821057420753
35.809814453125 -67.9115982055664 0.0 24.92965029133174
33.809814453125 -67.91078186035156 0.0 24.892782461497518
31.809812545776367 -67.90996551513672 0.0 24.848275132657903
29.809812545776367 -67.90914916992188 0.0 24.79619779772353
27.809812545776367 -67.90833282470703 0.0 24.736631769270957
25.809816360473633 -67.90751647949219 0.0 24.669670052582696
23.809816360473633 -67.90670013427734 0.0 24.595417200430518
21.809816360473633 -67.9058837890625 0.0 24.513989149828717
19.809816360473633 -67.90506744384766 0.0 24.42551304101222
17.809816360473633 -67.90425109863281 0.0 24.33012701892219
15.80981731414795 -67.90342712402344 0.0 24.227980017509132
13.80981731414795 -67.9026107788086 0.0 24.11923152719016
11.80981731414795 -67.90179443359375 0.0 24.004051345823687
9.80981731414795 -67.9009780883789 0.0 23.88261931359021
7.407855033874512 -67.89999389648438 0.0 23.755125032193213
7.407855033874512 -67.89999389648438 0.0 23.621767568818612
-2.565066337585449 -64.51856994628906 0.0 23.482755145314986
-2.565066337585449 -64.51856994628906 0.0 23.338304813079862
-5.302427768707275 -64.54991149902344 0.0 23.188642114159748
-5.302427768707275 -64.54991149902344 0.0 23.034000729092966
-7.302319049835205 -64.57073974609375 0.0 22.87462211204527
-9.302210807800293 -64.5915756225586 0.0 22.710755113807792
-11.302102088928223 -64.6124038696289 0.0 22.542655593246103
-13.301993370056152 -64.63323211669922 0.0 22.370586017806943
-15.301885604858398 -64.65406036376953 0.0 22.19481505370647
-17.301776885986328 -64.67488861083984 0.0 22.015617146439862
-19.301666259765625 -64.69571685791016 0.0 21.833272092267244
-21.301559448242188 -64.716552734375 0.0 21.64806460134504
-23.301450729370117 -64.73738098144531 0.0 21.46028385318488
-25.301342010498047 -64.75820922851562 0.0 21.270223045134095
-27.763874053955078 -64.78385925292969 0.0 21.078178934582883
-27.763874053955078 -64.78385925292969 0.0 20.884451375612866
-29.76311492919922 -64.80467987060547 0.0 20.689342850810522
-31.76300621032715 -64.82550811767578 0.0 20.49315799897656
-33.76289749145508 -64.8463363647461 0.0 20.29620313946857
-36.0508918762207 -64.67967987060547 0.0 20.09878579391973
-38.282615661621094 -64.11910247802734 0.0 19.90121420608027
-40.38388442993164 -63.181304931640625 0.0 19.70379686053143
-42.29148483276367 -61.89449691772461 0.0 19.506842001023443
-43.94801330566406 -60.29739761352539 0.0 19.310657149189478
-45.28680419921875 -58.48945617675781 0.0 19.115548624387134
-46.372314453125 -56.5960807800293 0.0 18.921821065417113
-47.25372314453125 -54.59950256347656 0.0 18.729776954865905
-47.92134094238281 -52.521644592285156 0.0 18.53971614681512
-48.36784744262695 -50.38533020019531 0.0 18.35193539865496
-48.58832550048828 -48.214019775390625 0.0 18.16672790773276
-48.62166213989258 -46.142303466796875 0.0 17.984382853560138
-48.6427001953125 -43.35388946533203 0.0 17.80518494629353
-48.6427001953125 -43.35388946533203 0.0 17.62941398219306
-48.65779113769531 -41.353946685791016 0.0 17.457344406753897
-48.672882080078125 -39.35400390625 0.0 17.289244886192208
-48.68797302246094 -37.354061126708984 0.0 17.12537788795473
-48.70306396484375 -35.35411834716797 0.0 16.965999270907034
-48.71815490722656 -33.35417556762695 0.0 16.811357885840255
-48.733245849609375 -31.354232788085938 0.0 16.661695186920134
-48.74833679199219 -29.354290008544922 0.0 16.517244854685014
-48.763427734375 -27.354347229003906 0.0 16.378232431181388
-48.77851867675781 -25.35440444946289 0.0 16.244874967806787
-48.793609619140625 -23.354461669921875 0.0 16.11738068640979
-48.80870056152344 -21.354516983032227 0.0 15.995948654176312
-48.82379150390625 -19.35457420349121 0.0 15.88076847280984
-48.83995056152344 -17.213199615478516 0.0 15.772019982490871
-48.83995056152344 -17.213199615478516 0.0 15.669872981077805
-52.32673645019531 -7.185319900512695 0.0 15.57448695898778
-52.32673645019531 -7.185319900512695 0.0 15.486010850171283
-52.31998062133789 -4.785225868225098 0.0 15.404582799569482
-52.31998062133789 -4.785225868225098 0.0 15.330329947417306
-52.31122589111328 -1.6746965646743774 0.0 15.263368230729043
-52.31122589111328 -1.6746965646743774 0.0 15.203802202276467
-52.30559539794922 0.3252955675125122 0.0 15.151724867342098
-52.36097717285156 2.1501269340515137 0.0 15.10721753850248
-52.65220260620117 3.875999927520752 0.0 15.07034970866826
-53.18451690673828 5.543359279632568 0.0 15.041178942579247
-53.947227478027344 7.118706703186035 0.0 15.019750786923915
-54.925010681152344 8.570390701293945 0.0 15.006098699223642
-56.09467697143555 9.8643159866333 0.0 15.000243995592772
-57.434932708740234 10.960561752319336 0.0 15.002195817456029
-58.926143646240234 11.8405179977417 0.0 15.011951117275268
-60.53370666503906 12.483766555786133 0.0 15.029494663307847
-62.22032165527344 12.87537956237793 0.0 15.05479906338918
-63.94685363769531 13.006271362304688 0.0 15.087824807702352
-66.79419708251953 12.998390197753906 0.0 15.12852033046801
-66.79419708251953 12.998390197753906 0.0 15.176822090458208
-68.794189453125 12.99283218383789 0.0 15.232654670208479
-70.79418182373047 12.987276077270508 0.0 15.295930893773273
-72.79417419433594 12.981718063354492 0.0 15.366551962840832
-74.7941665649414 12.97616195678711 0.0 15.444407610995034
-78.03414916992188 12.967159271240234 0.0 15.529376275883308
-78.03414916992188 12.967159271240234 0.0 15.621325289021815
-86.0438461303711 16.444917678833008 0.0 15.72011108294155
-86.0438461303711 16.444917678833008 0.0 15.825579415351879
-88.65383911132812 16.437665939331055 0.0 15.937565609971593
-88.65383911132812 16.437665939331055 0.0 16.055894813651356
-90.6538314819336 16.43210792541504 0.0 16.180382269386136
-92.65382385253906 16.426549911499023 0.0 16.310833604791362
-94.65381622314453 16.42099380493164 0.0 16.4470451355923
-96.69963836669922 16.421375274658203 0.0 16.58880418365289
-98.90986633300781 16.612525939941406 0.0 16.73588940904739
-101.07870483398438 17.079227447509766 0.0 16.888071155656423
-103.17193603515625 17.81411361694336 0.0 17.04511180974771
-105.15653228759766 18.805593490600586 0.0 17.206766170981737
-107.0011978149414 20.038026809692383 0.0 17.372781835262966
-108.67681884765625 21.49197006225586 0.0 17.542899588838875
-110.15525817871094 23.136375427246094 0.0 17.716853813031435
-111.42379760742188 24.94649314880371 0.0 17.894372898969184
-112.46461486816406 26.89647674560547 0.0 18.075179671672213
-113.26248168945312 28.957815170288086 0.0 18.258991822828005
-113.80575561523438 31.10038185119629 0.0 18.445522351582344
-114.08647155761719 33.29285430908203 0.0 18.634480012657082
-114.13826751708984 35.389259338378906 0.0 18.825569771095083
-114.16068267822266 37.38913345336914 0.0 19.018493262922256
-114.18309783935547 39.389007568359375 0.0 19.212949261007516
-114.20552062988281 41.38888168334961 0.0 19.408634145393172
-114.23277282714844 43.821014404296875 0.0 19.605242377361442
-114.23277282714844 43.821014404296875 0.0 19.80246697649691
